1 79.84 10.1245988874
2 91.85 9.60085448489
3 230.12 17.0152900113
4 234.38 14.89493692
5 252.52 14.4868658361
6 254.83 14.2888988637
7 271.8 12.1704163676
8 294.99 10.0248010613
9 302.16 11.7942735762
10 311.4 9.86458478396
11 309.42 9.88023460742
12 316.93 8.66463019416
13 313.69 7.8821587032
14 325.17 9.80999306104
15 326.8 7.90708795955
16 335.3 7.95603087978
17 335.5 8.41643718446
18 338.82 8.39225127136
19 339.3 8.31934000267
20 341.54 6.84202396769
21 344.7 7.85138423464
22 349.98 7.28930192499
23 343.64 7.84761678004
24 347.43 7.53472819958
25 351.6 7.51291291577
26 351.4 7.11909126785
27 354.45 7.25292034701
28 361.25 6.51583568547
29 358.61 6.45830528594
30 360.04 7.19866776386
31 362.53 6.06818374026
32 365.37 7.23485117812
33 361.12 6.4077481169
34 369.82 7.21479061662
35 368.19 6.18010689086
36 365.64 7.03885748729
37 365.61 6.45181837054
38 369.64 6.76353487508
39 373.79 6.81946476011
40 367.95 6.7696013797
41 371.67 6.47874464519
42 374.75 7.07070509355
43 376.31 6.58003819308
44 375.98 7.12103255389
45 374.26 6.96793755701
46 379.54 6.12896857672
47 385.68 6.06352412064
48 382.88 5.76608415561
49 384.93 6.5437737187
50 379.52 6.15505413084
51 387.36 6.00985477415
52 387.69 6.08545722706
53 388.18 6.49581850436
54 392.5 5.85377552012
55 390.46 5.46326365229
56 391.27 6.93517992511
57 393.9 5.75469484856
58 388.85 6.78501922473
59 403.86 6.57602754301
60 397.49 5.1779249433
61 395.79 5.21200043883
62 404.01 6.05081523089
63 406.09 5.22229448714
64 401.22 5.48615028828
65 398.74 6.02652161353
66 403.15 5.88054714121
67 402.57 6.06595491589
68 410.97 6.04115465665
69 407.26 6.21815181854
70 410.96 5.69041166651
71 410.92 5.55311134929
72 415.84 5.61147144254
73 409.43 5.7175088073
74 409.57 5.35817220343
75 415.01 5.62315050469
76 418.91 5.40626803908
77 421.41 5.29643318757
78 423.33 5.61149437651
79 418.26 5.29233536715
80 421.04 5.80424274944
81 418.76 5.3438759303
82 420.78 5.25927424894
83 423.14 5.91524103367
84 424.96 5.35312708371
85 426.85 5.10167895109
86 430.04 5.08656215281
87 433.12 5.59162133997
88 431.52 4.23817811726
89 433.4 5.4607021087
90 432.15 5.64251116791
91 432.95 5.14919828711
92 433.27 4.80562703022
93 438.17 4.86885895643
94 436.93 5.11978525347
95 438.32 5.36667041298
96 440.16 4.73490891891
97 445.31 4.33037549208
98 441.65 4.80238998416
99 445.77 5.61825410191
100 444.06 5.34061841573
101 446.81 5.01811255976
102 442.42 5.23134097317
103 445.43 4.77607039328
104 447.56 5.86720164494
105 448.37 5.07928658471
106 449.99 5.471349391
107 447.37 5.39684887778
108 450.37 5.6751836384
109 451.1 5.14495333312
110 450.99 4.832383478
111 454.18 5.44593539088
112 455.23 5.73974580218
113 463.72 4.64301454075
114 462.55 4.72350850534
115 461.97 4.57360487861
116 457.05 4.35282199498
117 458.24 4.61987591591
118 461.35 5.58922275455
119 463.65 4.86509548108
120 462.34 4.5496679165
121 461.04 5.10104224393
122 467.82 4.47973682727
123 466.38 4.3819726619
124 467.42 4.50213151936
125 469.9 5.09030527965
126 467.79 4.97240025082
127 479.92 5.00415905998
128 477.25 4.49745266123
129 471.02 4.79331053799
130 480.96 5.1949185301
131 478.4 4.89623535382
132 474.5 5.10808490141
133 481.79 5.17650026315
134 478.36 4.37238353377
135 479.84 4.81256597569
136 486.47 5.55025870258
137 485.45 4.75697895308
138 490.35 5.28483570606
139 487.72 4.53163529265
140 488.67 4.51609307451
141 487.27 4.34482577253
142 493.11 4.27063221156
143 497.5 4.92732461281
144 498.17 5.12487006056
145 498.36 3.99431650303
146 498.16 4.83470621966
147 498.69 4.97080847171
148 501.48 4.79246894133
149 504.87 4.82706697381
150 508.1 4.67150694316
151 507.22 5.21047337826
152 505.46 4.38632235642
153 509.7 4.21882886119
154 510.62 4.70373702598
155 512.56 5.45973963687
156 514.72 4.80436581721
157 517.95 4.05093405031
158 515.88 4.88022524988
159 516.01 4.70428541634
160 524.8 5.0764378377
161 520.21 4.83983455238
162 522.98 4.84028577603
163 520.61 4.75298141027
164 524.25 4.53674379704
165 526.51 4.42122261805
166 524.96 4.61095321755
167 530.83 4.93741506637
168 532.14 4.38602456974
169 526.88 4.72813428845
170 524.22 4.51026450949
171 528.57 5.0114908043
172 529.02 4.50527051281
173 532.98 4.18513747368
174 536.46 4.65865406898
175 537.06 4.84431912475
176 537.1 4.52861806736
177 545.24 5.33142481879
178 538.65 4.79830858116
179 542.75 4.39323189918
180 544.23 4.40305656943
181 552.0 4.08781013258
182 547.83 5.00265225831
183 549.76 4.86436462844
184 552.14 4.78649657332
185 551.61 3.91665628392
186 553.84 5.18876231007
187 551.63 3.97369444844
188 553.45 4.4950603422
189 555.29 3.93997004232
190 561.27 5.04736001823
191 564.03 5.0216909807
192 560.72 5.19004743192
193 559.72 4.18027888371
194 563.7 5.14943142492
195 561.64 4.84421603218
196 562.46 4.47776745872
197 560.32 4.61444777645
198 563.61 4.40288555909
199 569.06 4.57371953036
200 571.97 4.70722105553
201 567.61 4.40654861387
202 576.19 5.21453533715
203 572.54 4.94117671556
204 576.11 4.72290012242
205 574.86 4.83663668332
206 575.56 4.7021474352
207 577.75 4.99791352866
208 579.58 4.70785145662
209 580.21 4.16307829549
210 588.86 4.62560166102
211 591.25 4.34796523905
212 589.17 5.25645946409
213 588.2 4.58112003772
214 589.94 5.0846661348
215 594.25 5.00336790172
216 589.89 5.38282483148
217 589.99 4.74251111526
218 589.67 4.05469525582
219 594.23 4.10841948608
220 594.49 5.10793411062
221 600.61 4.44361826965
222 600.28 4.5979511291
223 597.74 3.73117494074
224 603.16 5.37681409669
225 602.2 4.57717705141
226 609.6 5.24848330092
227 600.95 4.79670708299
228 603.11 4.83829443982
229 608.64 4.50309904026
230 602.35 4.26689569125
231 612.35 4.28844909495
232 612.85 4.9492522708
233 611.03 4.80135635686
234 612.64 4.52632879124
235 609.35 3.73824722029
236 617.37 4.26548014291
237 612.35 4.57813164948
238 619.89 4.13405725727
239 619.98 4.14705431766
240 621.36 4.93776245747
241 620.67 5.05444859283
242 615.33 4.02292614121
243 622.45 4.79141834116
244 619.84 4.52082571998
245 622.88 4.51398510516
246 618.61 4.26901273439
247 628.38 5.24048290233
248 628.9 4.55112675279
249 627.29 4.67625728274
250 627.94 4.51309482533
251 630.75 4.54680925045
252 634.88 4.81715847462
253 637.86 4.66718927047
254 634.23 4.77104865136
255 640.66 4.084634357
256 641.35 4.60857438694
257 644.95 4.81740528916
258 644.68 4.88845218465
259 641.93 4.69870951662
260 642.21 4.35060798675
261 643.88 4.45099385863
262 646.26 4.16532234988
263 648.74 5.10086902776
264 649.87 4.36580089899
265 650.21 4.62338159515
266 647.51 4.37519197275
267 654.58 4.50588440793
268 655.71 3.88063121855
269 654.79 4.24531611242
270 659.7 4.64495189211
271 656.84 4.20407161576
272 656.65 4.06721252457
273 659.65 4.00899063107
274 659.37 4.45180293023
275 664.32 4.40349497122
276 664.36 4.95151398326
277 663.89 4.5716255278
278 665.74 4.16061605515
279 667.57 4.2548033752
280 668.91 4.3623185063
281 667.68 4.53949540385
282 672.98 3.86949671063
283 673.71 3.68920684354
284 672.85 5.34669714497
285 672.7 4.38948115385
286 676.91 4.87674586896
287 681.01 4.25536673841
288 678.1 4.62406330406
289 682.98 4.60453852559
290 677.06 4.07470942552
291 680.45 4.27948170226
292 680.35 4.12917391738
293 681.03 4.52954727822
294 686.23 4.17336011789
295 680.8 4.61961646893
296 682.1 4.48617412056
297 691.12 4.7105516375
298 688.73 3.94197420002
299 691.1 4.3184542605
300 691.97 4.80943065088
301 693.87 4.06374273418
302 692.9 5.17614440293
303 698.69 4.2579117772
304 693.33 4.76566694783
305 691.28 4.28160912107
306 695.96 3.83268164793
307 697.06 3.90840120029
308 697.33 4.80867975411
309 698.74 4.55105247151
310 701.1 4.87015631782
311 704.31 4.32487179722
312 704.37 4.00537449555
313 706.1 4.12350648841
314 705.08 4.80513337771
315 707.12 4.19854509201
316 707.62 4.56732824413
317 708.51 4.34063628497
318 710.94 4.47247950274
319 715.68 4.60969999475
320 713.08 4.19391271936
321 715.47 4.47708406729
322 715.18 4.25968743943
323 718.38 4.68573490603
324 713.0 4.43168092714
325 718.11 3.92840869137
326 720.07 4.18800726857
327 722.9 4.4704760015
328 719.88 5.00059574947
329 727.12 4.44926734751
330 728.64 4.36851595927
331 725.77 4.65506024382
332 727.62 4.72443597582
333 724.92 4.15480058458
334 729.39 4.60361360307
335 728.33 4.23777700423
336 729.24 4.53189299503
337 731.89 4.33429482689
338 733.96 4.75290260519
339 734.87 4.18226111686
340 739.25 3.91866452251
341 735.93 4.12096746913
342 737.11 4.87783282682
343 740.29 4.06030403965
344 740.31 4.62407950433
345 734.26 4.08533026797
346 740.45 4.54756959705
347 743.87 4.25772771905
348 750.42 4.50366716994
349 746.61 4.50313103145
350 749.72 4.12411945821
351 746.85 4.27903283932
352 749.68 4.38022771572
353 750.87 4.16154250845
354 748.66 4.19890558008
355 748.46 4.32458088309
356 755.68 4.5761597133
357 757.93 4.11303606617
358 755.81 4.16117693717
359 752.12 4.22572363621
360 757.36 4.24243980822
361 761.92 4.46223433468
362 758.92 3.81094569597
363 762.12 4.38087667135
364 762.74 4.04174812159
365 761.96 4.45700035163
366 759.34 4.15142806157
367 770.21 4.58784841232
368 765.5 4.72132227241
369 762.21 4.15041697356
370 766.93 4.46813415215
371 767.82 3.96631364892
372 767.68 3.93212149883
373 771.67 4.28582179956
374 775.64 4.82809072061
375 773.87 4.2193892887
376 771.51 4.53370455129
377 775.96 4.9217406976
378 772.44 5.0698740756
379 773.6 3.92274304027
380 782.08 4.01352105483
381 779.5 4.24850062963
382 783.04 4.06811397756
383 782.72 4.57063258922
384 786.32 4.02166782835
385 786.78 4.71245144119
386 788.43 4.00207379262
387 789.98 4.78215740368
388 785.99 4.05577898786
389 789.7 3.9597336274
390 793.57 4.46916576573
391 790.98 4.44423074036
392 791.45 4.93347028774
393 789.18 4.40380029992
394 795.73 4.32293140746
395 793.13 4.36183941584
396 796.44 4.12991301875
397 795.48 4.69193706624
398 798.55 3.4316655956
399 798.6 3.88436200167
400 802.54 4.51910038552
