1 74.72 11.8255452858
2 97.77 13.4452815677
3 217.74 17.895468062
4 239.57 16.2367577084
5 238.34 16.9919954729
6 259.88 14.913688298
7 271.81 12.3186801461
8 298.03 11.980056647
9 303.15 10.165255198
10 314.96 10.5513162617
11 308.11 10.1970832362
12 314.06 9.37436753399
13 319.65 9.07792678314
14 331.53 8.54993495096
15 332.49 9.64282133809
16 331.65 8.79917218606
17 328.26 8.28269284945
18 339.4 6.99135049615
19 332.85 8.02755202288
20 343.28 7.44351540776
21 347.09 6.78981427952
22 343.05 7.73126838494
23 348.88 8.12676036374
24 351.14 7.56108049464
25 353.32 7.02084366167
26 358.16 6.61009644033
27 341.72 7.14365983692
28 350.15 7.44734878732
29 358.61 6.91909954592
30 361.94 7.69583061809
31 359.49 7.66199548932
32 364.9 6.18829456312
33 367.89 7.39732641205
34 361.07 6.30701413361
35 364.77 6.70582743244
36 366.53 6.81400730155
37 367.15 7.48998940186
38 362.77 7.23257820377
39 370.24 6.63060323337
40 367.93 6.06050604501
41 369.43 7.32260065835
42 373.55 7.436818317
43 368.25 7.22293242112
44 378.91 7.07003787475
45 373.84 6.05419348802
46 375.69 6.77761623452
47 374.29 6.59109824645
48 371.73 7.21774384372
49 371.57 6.79559191841
50 380.55 6.80435531994
51 380.44 6.20941610962
52 383.16 6.34983859247
53 380.87 6.76598444349
54 377.24 7.09201130557
55 379.96 6.7466104063
56 381.15 6.92611836746
57 380.37 5.98815477836
58 380.84 5.97389994479
59 380.63 6.06091171109
60 384.76 6.92532766289
61 384.13 6.68579271363
62 381.94 6.0512802697
63 383.13 6.46869219932
64 387.52 5.61200266515
65 381.26 7.59816037988
66 385.24 5.86286554156
67 384.05 6.13936172252
68 390.63 6.5417421693
69 390.93 6.66712690757
70 388.57 6.57615810649
71 393.45 6.13140976611
72 390.49 6.28616307762
73 384.16 5.88990403236
74 386.68 5.90196845481
75 390.52 6.30440817156
76 392.15 6.04210335231
77 396.86 5.81463128379
78 394.32 5.60661965551
79 397.83 6.09468957188
80 403.56 5.68780518147
81 399.54 5.64088
82 397.82 5.679157413
83 396.6 6.11205816726
84 399.2 5.8613504246
85 403.27 6.06770258612
86 401.54 6.39473361872
87 408.83 7.02484644228
88 404.3 5.42629814146
89 401.28 5.27317082841
90 401.41 5.95698753653
91 406.33 5.3492601374
92 404.99 5.58929973417
93 411.68 6.02296742492
94 412.56 5.04541614759
95 415.8 6.08938911879
96 413.42 5.87216654205
97 408.31 5.42885999657
98 411.46 5.9194219561
99 412.72 6.28986445844
100 414.65 5.49488193504
101 414.53 6.40218061488
102 418.41 6.29169738865
103 421.23 5.5628000965
104 416.8 5.89937208862
105 419.42 4.95265123925
106 421.86 5.74423938276
107 418.6 5.38340323587
108 416.09 5.56309289788
109 417.71 5.63262500211
110 421.73 5.41391986213
111 420.29 5.41075705742
112 421.24 5.00357865916
113 427.19 6.04892296383
114 424.74 6.21364021153
115 422.2 5.70996140092
116 424.46 5.23686325718
117 425.96 5.4217950657
118 422.9 5.36750213787
119 424.11 5.40134856924
120 425.22 5.289718649
121 424.72 5.46921344487
122 424.93 4.53715700429
123 425.3 5.277352321
124 430.24 4.90901711124
125 427.03 5.39612276969
126 433.26 5.3359983994
127 427.62 5.44772682957
128 434.62 4.90711199073
129 435.96 5.10871809894
130 435.23 5.54024120356
131 431.63 5.61933435645
132 430.04 5.53955226841
133 432.01 6.00326563117
134 436.73 6.22168681578
135 437.42 5.27834805006
136 438.23 4.96068643169
137 436.22 5.18527103492
138 444.49 5.60090328415
139 443.28 4.81466968603
140 442.34 4.93057624932
141 444.45 5.76415806515
142 446.32 5.48133755589
143 449.84 5.41100022458
144 451.28 4.71729939961
145 445.72 5.60128634026
146 451.42 5.33891767848
147 448.92 4.59332011269
148 447.01 4.31364742166
149 453.03 5.4792048023
150 450.19 5.60468811464
151 450.95 4.85853717491
152 453.04 4.93880487308
153 458.02 4.48407393266
154 453.84 5.3411147217
155 456.74 4.95059064339
156 454.26 5.03995392423
157 452.27 4.80618657499
158 455.05 4.3787799351
159 459.2 4.91182413366
160 456.18 4.18700960133
161 456.61 5.4172566901
162 461.51 5.19769642807
163 460.25 4.90598414592
164 459.21 4.8008634655
165 459.91 4.68026454278
166 465.66 4.27111118919
167 461.31 4.64430633598
168 462.67 5.47798471133
169 462.83 5.07757699869
170 467.7 4.82132113015
171 464.79 4.27839716885
172 466.29 4.45185815749
173 469.6 4.79659696035
174 466.5 4.91827233081
175 470.11 5.29061293674
176 474.21 4.99498568711
177 474.07 5.02748634624
178 473.24 4.66283299705
179 471.5 4.23110389378
180 475.25 4.69372941274
181 481.06 4.91337403648
182 477.23 4.88955028951
183 479.01 5.32351984296
184 471.88 4.91341000219
185 477.77 5.04385769363
186 482.01 4.78653469625
187 479.79 5.09443892243
188 482.25 4.49531672299
189 480.03 4.76311899343
190 487.95 4.1131406735
191 480.64 3.88925640276
192 481.94 4.7845539084
193 488.79 4.53648298293
194 482.82 4.68398009834
195 489.53 4.71105520087
196 485.81 4.57051617899
197 487.74 5.12768515789
198 487.08 4.34348382495
199 489.32 4.6624836602
200 487.92 4.09810456401
201 489.65 4.66837069222
202 490.1 3.88104746686
203 488.08 4.35470187012
204 487.96 3.88771521262
205 491.32 4.86987076231
206 490.73 4.15130174687
207 488.75 4.17984648043
208 494.02 4.44561356773
209 495.09 4.86286190945
210 490.01 3.83954895247
211 493.98 4.61362351234
212 496.88 4.59245023159
213 498.01 4.05625255604
214 496.21 4.43647158161
215 500.84 4.93256265144
216 495.75 4.82847700626
217 502.31 4.11111530152
218 499.77 4.86868537016
219 500.31 4.3757363246
220 501.43 4.23924530095
221 504.06 4.43339868976
222 500.12 4.27875496957
223 504.58 5.10008270302
224 504.99 4.22910549388
225 506.52 3.82250052107
226 507.53 4.24297719834
227 504.63 4.43520370328
228 504.38 4.66132176208
229 507.67 3.91441541199
230 507.55 4.02372056187
231 511.53 4.82935846522
232 513.76 3.98570903584
233 510.95 3.99199364228
234 507.3 4.63692258292
235 509.91 4.18670819026
236 514.75 3.94124517887
237 512.09 3.94170521861
238 514.6 4.50040926139
239 514.15 4.25282740303
240 516.68 3.67622858397
241 514.41 4.33705928371
242 516.68 4.00318952357
243 510.95 4.20367455924
244 516.69 4.23629368935
245 520.11 4.57464965723
246 516.82 4.61174130688
247 518.9 4.10080528677
248 520.88 4.25841564078
249 515.05 4.34655134561
250 520.78 3.97146302836
251 523.86 3.90222365407
252 520.67 3.87823085667
253 522.21 4.25895823112
254 520.95 3.53304611348
255 524.74 3.68288328873
256 520.37 3.8982478384
257 523.98 4.34351035841
258 524.37 4.38082186463
259 525.78 3.69058996173
260 524.4 3.32680771912
261 527.69 4.22412468358
262 533.5 4.31124266076
263 535.12 4.43975953511
264 529.79 3.90156154564
265 533.36 4.26915896242
266 535.42 3.9629028625
267 530.41 4.19156849287
268 535.89 4.25531257212
269 533.29 4.47097395367
270 536.75 4.6794666491
271 539.74 3.3953423448
272 536.41 4.11049852334
273 532.75 3.99776342972
274 535.23 3.67946399814
275 539.22 4.02574457531
276 537.31 3.66113047875
277 540.96 4.27414122069
278 539.77 3.67549440941
279 541.73 3.40237652731
280 548.02 4.03921524972
281 541.89 4.42646766241
282 544.63 3.59013526898
283 546.15 4.02333864844
284 548.01 4.20423380872
285 548.65 3.80445794825
286 549.55 3.99103120008
287 554.21 4.23081288813
288 551.52 3.97067943728
289 557.96 3.43988878518
290 553.86 3.66284304965
291 555.31 4.04270561659
292 557.71 3.93431078772
293 561.06 3.91792381018
294 558.62 3.69788998344
295 560.19 4.47538822253
296 562.04 3.86333053911
297 565.56 4.26905097913
298 563.52 3.89300408343
299 564.27 4.32985737797
300 563.29 4.53038175151
301 565.89 4.12568547109
302 562.85 4.26149030739
303 565.95 3.89575577777
304 568.05 4.07617567335
305 566.25 3.57756379119
306 567.89 3.85406926331
307 569.47 4.14339132422
308 569.71 3.83872842676
309 567.69 4.06223369864
310 571.86 4.04017001702
311 572.51 4.30821152665
312 573.02 4.23232762361
313 572.41 4.06198781268
314 572.77 4.09127218767
315 576.11 3.95977194879
316 576.0 4.15057478429
317 580.67 3.98097712849
318 581.91 4.31752855583
319 581.29 4.08990481239
320 576.81 3.86131889157
321 580.34 3.83050598099
322 583.51 3.79638339455
323 577.92 3.9866303638
324 585.46 4.44668841886
325 580.44 3.88498699385
326 583.77 4.31643934205
327 587.02 4.39066074226
328 585.24 4.27388954916
329 585.65 4.14848017954
330 589.24 4.05100469987
331 587.13 4.27034075099
332 588.43 3.8007078606
333 589.34 3.56926924599
334 594.72 3.9415088311
335 593.59 3.63209683109
336 590.59 3.67646004064
337 593.71 3.48122651007
338 593.49 3.81636662788
339 592.47 3.76834709463
340 591.47 3.80557660094
341 595.09 4.04986419901
342 591.57 3.93235352449
343 596.32 4.46070164454
344 595.04 3.96762485807
345 597.19 4.52192814432
346 598.78 3.87778755808
347 595.8 3.65423064406
348 601.43 3.54930565627
349 600.3 3.84074990594
350 600.75 4.11594166625
351 604.2 3.69967847252
352 606.63 3.68893192802
353 608.55 3.972603796
354 611.86 3.89157691513
355 613.84 4.08336448415
356 611.08 4.38967193963
357 614.05 4.3876319399
358 618.4 4.30816738765
359 615.33 3.82918544048
360 614.37 3.79083001592
361 616.91 3.69677979198
362 616.25 3.63614338001
363 615.92 3.84636504477
364 617.09 3.74950561413
365 618.92 3.7555032123
366 623.2 3.77573537208
367 622.51 3.46476723582
368 624.35 3.92522726476
369 624.12 3.97578451247
370 622.09 3.74058130648
371 626.38 4.20663490329
372 623.36 3.84814642216
373 628.52 4.31400229875
374 626.26 3.37946517047
375 626.66 4.29380667362
376 622.99 3.89783786199
377 628.91 3.73173860156
378 634.55 3.49346289518
379 633.47 4.06948631471
380 634.33 3.72297395339
381 637.41 4.13305353829
382 632.37 4.08476931657
383 636.23 3.56470659011
384 636.59 3.73595692031
385 636.37 4.08693182346
386 635.68 4.1635936355
387 637.64 3.6991094072
388 640.92 3.85315063521
389 640.11 3.9715902264
390 642.04 3.59486869502
391 643.32 4.39956742892
392 647.19 3.98190726944
393 645.94 3.41892997624
394 648.47 3.40346028412
395 649.08 4.07884241147
396 648.23 3.58662380988
397 646.72 3.62383593801
398 650.21 3.53184114229
399 647.98 3.91106986816
400 653.99 4.13671407743
