1 1857.81 58.8683165873
2 1945.84 43.7231827047
3 2018.15 18.5651708002
4 2103.94 13.9776399246
5 2159.0 7.68994703753
6 2170.25 9.4850787303
7 2167.37 8.56139374924
8 2167.53 9.19799641583
9 2167.64 8.04982857
10 2167.46 9.09112232315
11 2161.19 9.15614561169
12 2158.51 8.19587048204
13 2161.67 8.11587010354
14 2158.76 9.0673302994
15 2166.52 9.52719206449
16 2162.34 8.34901197929
17 2154.91 9.41543260984
18 2159.66 8.85634713358
19 2166.32 10.4861970972
20 2164.25 9.08156540471
21 2159.14 8.62947824184
22 2161.5 8.1879454517
23 2163.68 8.14058010473
24 2161.93 9.3681953738
25 2161.51 8.92415765876
26 2155.49 9.44034544275
27 2162.53 9.6996617748
28 2160.53 8.2133801754
29 2156.87 10.0510991981
30 2152.46 10.0039298585
31 2160.53 9.22152213822
32 2160.75 8.37483826471
33 2152.79 8.72714271308
34 2167.29 9.05186038416
35 2154.34 9.28656273496
36 2158.43 8.25349716433
37 2154.89 9.1811260119
38 2150.47 9.25727960827
39 2161.74 8.19043734354
40 2158.93 9.79467735056
41 2160.88 9.42653151533
42 2156.37 9.57377865054
43 2169.41 9.1087125781
44 2168.64 9.27117375991
45 2147.97 9.21768870735
46 2158.55 8.84428689494
47 2158.38 7.67072887864
48 2154.51 9.1108379504
49 2161.18 9.96394988956
50 2161.69 11.6625664098
51 2159.89 7.75619797365
52 2153.95 8.64643842284
53 2155.05 8.5800273263
54 2157.88 8.31651258218
55 2159.57 9.13180196465
56 2156.34 8.90065414621
57 2152.78 7.93650348363
58 2152.83 7.80070421549
59 2156.21 8.81343351563
60 2162.5 9.75759184225
61 2157.12 8.58199289266
62 2158.15 9.0516091365
63 2162.19 8.40968806451
64 2166.62 9.5940660624
65 2163.3 8.51017013226
66 2157.1 8.60917589552
67 2160.87 9.06409009055
68 2162.47 9.01158700261
69 2156.99 10.101342382
70 2150.09 8.34509423496
71 2162.37 8.21441845839
72 2159.42 8.39356950395
73 2158.8 8.57660704941
74 2151.31 10.0593530081
75 2158.29 7.65029428548
76 2166.13 7.18861390044
77 2162.24 10.1139843958
78 2161.37 10.4591908468
79 2155.33 10.4464158991
80 2152.52 8.85384220289
81 2160.6 9.51886263794
82 2154.44 8.43020220531
83 2161.49 9.10598766518
84 2167.68 9.85285118337
85 2150.04 8.50079454018
86 2151.39 8.34388805093
87 2154.77 7.98717940412
88 2164.62 10.0839963789
89 2159.71 10.0652935146
90 2158.58 7.66588949944
91 2161.04 8.5255683385
92 2162.21 8.72577801771
93 2168.54 9.68174214769
94 2162.27 10.06268104
95 2159.12 9.11167215003
96 2166.24 9.46544535235
97 2156.81 9.00903909984
98 2159.88 8.76311944969
99 2165.61 9.51050067065
100 2160.32 8.20361880889
101 2153.25 8.58902213526
102 2163.07 8.33469138011
103 2169.97 8.35753078281
104 2159.87 8.8952330003
105 2150.3 9.03002865112
106 2160.0 8.96022312222
107 2158.49 8.46649650318
108 2167.49 8.96375930949
109 2164.56 9.70353699341
110 2164.86 10.3645281845
111 2160.97 8.20818679037
112 2160.9 8.34828862941
113 2156.01 9.1701818956
114 2166.85 9.37430831795
115 2165.89 9.08099516828
116 2156.27 8.06691117799
117 2157.56 8.1609146805
118 2157.86 8.26776324809
119 2158.52 9.07585740708
120 2148.29 7.47602145091
121 2167.43 9.02725253893
122 2160.74 8.53010464874
123 2153.16 9.66519384546
124 2155.7 8.31749272798
125 2164.24 8.6519346483
126 2165.84 9.73000224
127 2159.11 9.51502363877
128 2165.41 9.16727410905
129 2163.63 9.9291230252
130 2159.14 8.61446289019
131 2161.75 9.68348607269
132 2167.05 9.15520909428
133 2159.58 8.35347217255
134 2161.39 8.52308856497
135 2153.04 9.07972702532
136 2163.23 9.00461010558
137 2156.42 9.01357864877
138 2161.51 9.54403258159
139 2155.87 9.40888420428
140 2154.22 8.90451016652
141 2155.32 9.3035351196
142 2220.51 8.13083481067
143 2221.21 9.07703467518
144 2231.26 7.9940910902
145 2223.75 8.82746117748
146 2218.52 9.33443615831
147 2217.99 9.79754949762
148 2227.97 8.60386221098
149 2224.62 9.07396516246
150 2220.63 8.84898888968
151 2224.34 8.43179243046
152 2219.73 10.9939003285
153 2223.02 9.29407861348
154 2223.03 9.57698019135
155 2225.98 9.33132842813
156 2213.68 8.78009472168
157 2216.13 7.61644273198
158 2224.26 8.83016958605
159 2219.22 8.93091716822
160 2221.17 8.79199526943
161 2225.86 8.21448229448
162 2214.06 10.2272875125
163 2222.97 8.75031699458
164 2222.16 9.82078218832
165 2238.5 8.86715350944
166 2219.31 9.49929706359
167 2225.87 9.43037680104
168 2218.27 8.77527942083
169 2220.97 9.02875037121
170 2212.75 9.05555529606
171 2219.67 8.8396241197
172 2220.86 8.6133033481
173 2215.0 9.86158568994
174 2220.12 9.64723388799
175 2217.31 8.98718007288
176 2235.7 8.18128041813
177 2207.35 9.27344645102
178 2225.63 8.67745171174
179 2223.26 9.54987226922
180 2219.41 9.66862636109
181 2212.31 9.11843294774
182 2224.21 10.1006121683
183 2221.11 9.29126397249
184 2222.14 8.74744376869
185 2223.72 10.0184601943
186 2219.58 10.1001513839
187 2215.02 10.2258284903
188 2230.5 9.10349846597
189 2231.32 7.49908807
190 2205.36 10.6165266715
191 2223.79 9.65813920455
192 2223.5 8.9017451862
193 2218.51 9.83566570388
194 2231.08 8.78196717243
195 2226.22 8.11580028497
196 2225.51 8.61805090716
197 2227.76 8.59486795933
198 2225.82 9.43582270931
199 2223.06 8.54559190825
200 2220.02 10.1395094632
201 2219.28 8.88155049671
202 2224.09 9.04399710031
203 2219.56 9.49131168714
204 2219.31 9.56052941957
205 2215.19 9.37694378688
206 2216.35 9.71224499485
207 2221.16 9.13413498862
208 2227.1 9.60741939128
209 2223.07 9.55950713801
210 2228.17 8.93936447057
211 2224.14 8.31820951927
212 2206.29 9.48252355095
213 2223.1 9.19415505634
214 2220.64 9.68293640619
215 2219.71 9.55597170854
216 2227.84 9.68607807063
217 2225.16 9.16465987533
218 2229.13 8.96466611813
219 2222.57 8.73334542553
220 2226.56 10.0312685111
221 2222.9 8.66011755117
222 2219.47 8.99951475056
223 2226.87 9.89831650583
224 2223.52 8.00080930866
225 2228.21 8.85261919741
226 2221.76 8.70218457391
227 2231.27 9.01556772442
228 2231.34 8.23154358735
229 2219.02 8.78233024166
230 2221.19 9.32464494887
231 2216.87 10.0075863009
232 2228.21 8.31854549392
233 2222.68 8.25724901172
234 2223.24 8.5204840824
235 2223.93 7.73816613427
236 2219.62 9.66475900629
237 2225.47 8.41392433444
238 2225.41 8.4622121003
239 2224.21 9.24020147477
240 2219.15 9.29281350507
241 2231.03 9.09986671472
242 2218.05 8.75474650461
243 2229.34 7.93571155161
244 2226.07 9.89294365503
245 2226.15 10.0546041891
246 2226.52 10.0391988283
247 2223.75 8.55846405613
248 2227.86 10.0856054259
249 2220.7 9.24212224113
250 2228.98 9.08577782656
251 2221.75 8.80502050196
252 2222.35 9.58924366361
253 2216.45 10.0633880478
254 2221.72 9.4058796944
255 2213.35 8.47936753066
256 2223.19 8.90507595826
257 2216.6 9.51002018084
258 2223.71 8.55244354874
259 2217.44 9.15550050748
260 2221.79 9.32858267983
261 2227.96 8.49853468631
262 2222.14 9.26543310193
263 2226.74 9.74341293174
264 2224.02 8.27862701621
265 2222.01 9.58484068926
266 2221.2 9.83384954125
267 2217.26 9.40945437092
268 2222.58 8.7238356001
269 2218.91 8.5775070895
270 2218.21 10.4963918265
271 2222.71 10.0050770199
272 2221.4 8.31053867809
273 2230.4 8.97427475398
274 2222.98 9.49437352507
275 2226.86 9.32881843785
276 2221.13 9.18479736356
277 2224.87 9.96677460614
278 2218.44 10.3248037552
279 2225.4 7.58983269381
280 2215.81 8.80110692484
281 2224.26 8.614980174
282 2228.58 9.22334350101
283 2225.84 8.95223300358
284 2219.45 9.25187995383
285 2213.08 9.88748337938
286 2221.88 9.47121323219
287 2218.34 8.24515974802
288 2234.19 9.83047745241
289 2224.71 8.83763521845
290 2220.27 8.38352534639
291 2227.57 8.93292464995
292 2223.43 9.42106800324
293 2222.65 9.72193094195
294 2216.94 8.9800013331
295 2220.22 9.07255948151
296 2228.74 9.99433270801
297 2222.7 9.56955824268
298 2224.41 9.02984124946
299 2227.39 8.80556672829
300 2229.31 7.16286525229
301 2222.18 8.09830541049
302 2226.43 9.15432283905
303 2223.87 9.18295685112
304 2217.54 9.18721310379
305 2219.5 8.88040073871
306 2228.2 9.4438649715
307 2221.29 8.62989112877
308 2223.67 9.48709063188
309 2223.27 8.97550985926
310 2234.13 9.26487895062
311 2225.97 8.92174496753
312 2227.5 8.62687270336
313 2229.54 8.57021828277
314 2221.74 9.36603673057
315 2223.07 8.81530585752
316 2223.04 8.31617259888
317 2234.79 8.37836589881
318 2218.36 8.67678164335
319 2226.68 9.77456067768
320 2220.02 8.16080452857
321 2219.82 9.80264094015
322 2230.34 9.39329749504
323 2221.44 9.1877524968
324 2221.62 7.93404416988
325 2225.08 8.58916995626
326 2211.04 9.75394625238
327 2218.09 9.2299600709
328 2227.93 9.2785354578
329 2216.52 8.36097865047
330 2221.14 9.41804045895
331 2219.8 11.0621816582
332 2216.43 9.27435280338
333 2221.06 9.28534645678
334 2226.6 9.6291271297
335 2220.66 9.22734278058
336 2229.27 9.20377496213
337 2215.07 8.75640852871
338 2219.54 10.9196601034
339 2226.2 9.79541252628
340 2220.74 9.72198013773
341 2233.32 9.22203973759
342 2232.85 9.20300358579
343 2224.98 8.98808986123
344 2227.75 9.98340098163
345 2219.74 10.0300544464
346 2215.28 10.7566357132
347 2221.8 9.39316580499
348 2221.35 9.18528754694
349 2227.85 8.98579843753
350 2224.96 8.99419718565
351 2218.56 8.83150510063
352 2222.11 8.10055906999
353 2218.74 10.7144299502
354 2227.75 8.44222648121
355 2226.42 9.11900105371
356 2220.49 8.13281895522
357 2223.57 9.03839522491
358 2228.33 7.52001989476
359 2220.03 8.39554989656
360 2225.15 10.5134361633
361 2225.93 9.75273843398
362 2227.13 9.6672578723
363 2218.68 8.46592408905
364 2218.67 9.03200900008
365 2228.22 9.21160715758
366 2221.83 8.8454022598
367 2220.93 8.74618040985
368 2217.79 9.25515631928
369 2220.76 8.79732719628
370 2226.42 9.40061361708
371 2228.81 9.48829076612
372 2234.57 7.35542092892
373 2215.48 8.86359936784
374 2225.5 8.62665004738
375 2227.13 8.0987453775
376 2222.32 7.54500109752
377 2227.62 9.20297874873
378 2217.64 8.35891262823
379 2224.45 9.14828294053
380 2229.38 7.95696176751
381 2222.34 9.23595674689
382 2217.3 9.04044555539
383 2224.51 9.09340706217
384 2211.69 11.0484452437
385 2218.29 9.44277859607
386 2221.3 9.46923446959
387 2218.84 9.79893056565
388 2222.0 9.39005705627
389 2213.12 10.144331387
390 2229.36 9.01747073222
391 2227.04 8.37876135801
392 2224.95 9.01141307232
393 2214.64 9.94191602491
394 2224.51 9.41210265129
395 2227.36 8.63719851841
396 2221.73 8.35175549173
397 2222.35 8.97882717286
398 2223.65 8.54246949541
399 2230.25 9.36877437235
400 2226.54 8.6348364463
