1 1893.14 52.4802802615
2 1941.45 33.2267392195
3 2007.77 21.2714431357
4 2111.02 13.1393108127
5 2162.44 8.72947650792
6 2156.59 8.42804991148
7 2169.01 9.51924582719
8 2150.56 9.06966868317
9 2166.31 9.71850519691
10 2154.71 8.86354800824
11 2162.0 8.53772940307
12 2153.19 9.67178856171
13 2146.56 8.79956270404
14 2165.3 9.62064557501
15 2160.24 9.92716762216
16 2152.99 9.00698353937
17 2164.65 9.01533421455
18 2155.96 8.57790232483
19 2161.43 8.55513641747
20 2162.63 8.05780076507
21 2154.09 8.44676297941
22 2163.34 8.87675409541
23 2162.36 9.4779941932
24 2164.0 8.96690896129
25 2159.15 10.3476259751
26 2152.21 9.21092798443
27 2167.1 8.8695360059
28 2161.28 8.46261998353
29 2160.54 9.24473721716
30 2153.54 10.0911041128
31 2157.05 9.0519910981
32 2156.5 9.74234359484
33 2156.92 9.08965421001
34 2165.91 8.49980818786
35 2162.82 8.53855638159
36 2162.1 8.74443406974
37 2162.1 8.14136437706
38 2161.91 8.19041271917
39 2161.14 9.42028363089
40 2156.17 7.95214561346
41 2168.69 9.5916999235
42 2163.18 8.11621682076
43 2160.14 8.67370402114
44 2155.83 8.97042366991
45 2161.91 9.82564616656
46 2161.9 8.60975596402
47 2160.54 8.86957585313
48 2157.3 9.40348683415
49 2161.53 9.88421043005
50 2160.79 9.61728261488
51 2155.07 7.95751575817
52 2165.65 8.72366804274
53 2149.28 9.77959789897
54 2168.39 8.08969171022
55 2159.2 9.11469545734
56 2165.75 9.0310442962
57 2218.6 8.86877800827
58 2227.92 8.437506564
59 2224.0 8.95160131373
60 2221.57 9.39059932068
61 2218.96 9.5564390342
62 2224.98 9.55816984959
63 2221.77 8.13831345388
64 2225.75 8.06202942937
65 2218.46 9.49511961243
66 2226.14 9.2706972341
67 2225.6 7.95035532288
68 2213.94 9.08276857915
69 2218.54 10.5017019485
70 2225.87 9.43868337691
71 2227.78 9.58304032891
72 2218.08 9.83899228466
73 2220.89 10.2928516849
74 2222.01 9.51488636603
75 2229.79 7.85191240491
76 2226.8 8.80548405484
77 2218.16 9.23081846373
78 2232.0 8.99138117088
79 2225.89 10.0654309141
80 2217.56 9.70345781371
81 2234.93 7.32501352365
82 2226.4 9.79152913901
83 2216.6 9.86057280283
84 2223.71 8.52292630112
85 2232.4 8.13241767742
86 2223.43 8.74512619015
87 2221.01 10.3466651245
88 2228.27 9.32609337041
89 2224.16 9.53759925717
90 2223.72 9.47453052481
91 2227.79 8.8963402506
92 2226.39 9.04305406632
93 2227.31 9.69507595754
94 2222.76 9.28362105422
95 2223.15 8.97647368403
96 2222.75 9.12696787109
97 2222.09 8.91617313596
98 2224.36 8.38854904298
99 2217.04 10.2045031616
100 2223.33 8.99979647868
101 2217.1 7.49686548899
102 2226.09 9.53560022811
103 2222.79 9.09711550407
104 2224.86 9.17958294512
105 2217.49 8.83525281576
106 2226.31 8.31362112574
107 2228.61 8.73306565911
108 2222.49 9.35371861873
109 2220.94 9.39998590331
110 2219.83 9.58826931712
111 2223.06 8.5623433955
112 2220.53 9.39874486012
113 2226.29 8.86146736914
114 2224.44 9.53689838587
115 2230.24 9.05923449517
116 2216.93 9.24913408712
117 2226.53 9.97377945543
118 2219.08 8.60181812744
119 2217.38 8.45197726036
120 2226.52 7.80180849762
121 2224.12 9.62925798645
122 2221.5 9.47373658912
123 2229.86 8.50305831136
124 2216.93 9.77901552926
125 2217.69 8.75203955558
126 2227.8 9.27517063994
127 2224.61 8.68330414338
128 2223.7 9.3653345055
129 2226.29 9.38421698462
130 2221.5 8.8458124511
131 2226.5 9.6646683792
132 2226.48 8.38144586057
133 2223.92 9.5098456716
134 2219.67 8.97089473451
135 2220.23 8.60347821486
136 2226.13 8.69708585042
137 2216.78 9.54987066015
138 2218.38 10.001063204
139 2210.89 10.22312007
140 2220.34 8.19116900512
141 2224.97 8.19066411871
142 2231.08 9.33436207877
143 2224.05 9.05894846657
144 2219.18 8.26815168472
145 2223.67 9.21108480135
146 2228.27 9.17652052325
147 2221.33 8.33482043583
148 2224.41 9.32536177263
149 2223.87 8.51996714839
150 2223.11 8.04063071944
151 2217.4 9.22791646256
152 2224.77 9.39520454453
153 2221.82 10.3267033947
154 2218.02 8.25702104113
155 2220.93 8.92190858962
156 2224.29 10.7121950885
157 2217.49 10.0435607788
158 2224.57 8.90138936131
159 2221.36 9.8282037996
160 2223.94 8.46701034973
161 2222.91 8.65690509307
162 2223.37 8.9567348632
163 2223.49 8.41296729569
164 2233.79 9.36696672858
165 2217.45 7.6243937018
166 2217.71 8.59192531243
167 2225.37 8.97169120565
168 2232.25 8.56963352075
169 2224.12 8.88138613109
170 2223.23 8.42945187029
171 2223.95 8.08824225898
172 2216.84 9.81354286639
173 2223.18 7.6852687215
174 2228.89 9.36215065711
175 2224.46 9.58467736204
176 2221.29 9.64850866478
177 2224.26 8.82655789979
178 2220.0 9.2982532209
179 2218.21 9.49212013906
180 2223.49 9.06993023118
181 2224.83 10.1180452983
182 2236.46 9.22872488562
183 2220.19 8.63533805143
184 2219.06 10.4839232934
185 2233.79 8.7363378377
186 2219.79 9.09686212792
187 2225.88 7.53992817536
188 2222.33 9.81324280845
189 2218.68 9.11060118991
190 2223.46 9.05962885633
191 2229.65 9.40589174294
192 2227.64 9.25188597457
193 2214.35 9.14353654775
194 2225.82 8.80820510897
195 2230.5 8.38973873252
196 2223.39 9.16190023775
197 2217.27 8.67657510044
198 2215.52 8.70820213785
199 2223.16 9.07646013325
200 2219.27 8.75770703972
201 2234.79 9.10559953075
202 2226.16 8.16935523958
203 2224.77 9.7836735163
204 2220.89 9.67195538278
205 2220.97 8.15988536106
206 2221.9 8.6358632041
207 2222.21 8.62908982074
208 2221.78 8.23300700507
209 2224.54 9.16154487269
210 2223.38 9.52450217542
211 2232.52 8.41803366075
212 2229.92 8.92562910598
213 2224.85 9.14546900492
214 2223.02 9.33931176873
215 2215.68 9.49060577843
216 2219.9 9.64517174964
217 2216.56 10.0505512895
218 2227.9 8.35114117232
219 2226.01 8.59877242392
220 2227.22 8.61341752533
221 2217.97 8.39875231601
222 2224.88 8.47551140225
223 2223.56 9.17402784945
224 2219.02 8.33274262615
225 2216.8 8.69652684697
226 2225.17 9.67569459716
227 2219.69 9.85284397027
228 2224.59 8.50405558016
229 2229.9 7.71963859258
230 2231.98 7.9565368945
231 2222.4 9.79223532397
232 2225.96 8.31940557338
233 2223.52 9.42026160962
234 2220.59 7.96590370205
235 2225.97 9.18821806367
236 2221.61 8.91513039985
237 2225.01 8.8573132991
238 2229.39 9.12597952915
239 2218.93 8.55809956951
240 2221.29 9.44310405399
241 2225.32 8.88067672881
242 2218.68 8.73834210143
243 2220.21 9.35662594392
244 2220.92 8.61435853779
245 2219.47 9.0109475365
246 2221.59 7.87130216612
247 2227.81 9.85448140403
248 2220.06 9.67608229514
249 2224.22 8.58858402448
250 2231.21 7.14571460488
251 2229.21 8.66893154745
252 2219.39 10.9935872347
253 2222.85 9.22056059684
254 2225.78 8.6663292267
255 2229.3 9.0078793864
256 2229.36 8.17747703919
257 2218.01 9.806446084
258 2225.94 9.04054413973
259 2227.08 8.80638622237
260 2229.83 9.43051530393
261 2226.68 8.42430162575
262 2233.02 8.94584796616
263 2212.26 8.62081975907
264 2227.63 8.92481023045
265 2229.3 8.53725693651
266 2227.23 8.58975920231
267 2228.05 8.71639898811
268 2225.06 10.1001376913
269 2228.96 9.11755765402
270 2220.91 9.30044659736
271 2219.84 8.39167173276
272 2227.45 9.46391332801
273 2224.82 8.39637006102
274 2227.16 7.7358555668
275 2226.2 8.50757411252
276 2225.42 10.2217403165
277 2223.12 9.8745212385
278 2226.19 8.47190337424
279 2232.46 8.2765125877
280 2221.12 9.01417957274
281 2225.13 9.02028775869
282 2220.46 8.15187633704
283 2225.88 8.86164012413
284 2219.53 9.72892570357
285 2223.36 8.68961175694
286 2227.93 9.15419694357
287 2225.51 9.34525430785
288 2225.74 9.72107125981
289 2231.87 7.90478740319
290 2235.74 9.01836958427
291 2220.14 8.14723788326
292 2220.83 9.95294310732
293 2224.62 9.7713334489
294 2224.45 8.4003494094
295 2223.68 9.34539345569
296 2222.87 9.09941077046
297 2233.86 8.39987584708
298 2229.23 6.66047423789
299 2222.52 8.1218521529
300 2222.09 9.31827350695
301 2225.33 8.52151808175
302 2229.42 9.54478464805
303 2228.04 7.94305180484
304 2232.24 8.27106623589
305 2224.88 8.0449479159
306 2229.53 9.02023665242
307 2236.95 8.6333661639
308 2235.92 9.44710565928
309 2231.76 8.70324399511
310 2230.88 8.64234568677
311 2233.42 7.70068909498
312 2230.14 8.81638501918
313 2226.18 8.28949693779
314 2228.66 7.47858643798
315 2237.3 8.19113523756
316 2236.88 8.13635071574
317 2238.87 8.15127475979
318 2217.97 8.44300366372
319 2234.1 8.28162045013
320 2236.72 7.8442657595
321 2226.04 7.72915854504
322 2234.28 7.86827493327
323 2228.32 8.15227500773
324 2232.46 8.57106991538
325 2233.24 8.60915893908
326 2232.84 8.51383571784
327 2238.1 7.82103857042
328 2235.14 8.68662712947
329 2236.17 8.12400754416
330 2240.47 7.81218997117
331 2232.1 7.82094033221
332 2231.12 7.60759198233
333 2235.04 8.94554478466
334 2226.69 8.98290452261
335 2234.68 7.26781531697
336 2236.1 8.49743075523
337 2239.23 7.28549980946
338 2233.73 7.79133183696
339 2234.83 7.69838773885
340 2233.06 8.20352234241
341 2238.82 8.8966461884
342 2231.52 8.72173484541
343 2230.91 8.08761148612
344 2232.04 8.16348447015
345 2236.65 7.82515732494
346 2229.26 8.49114981368
347 2232.51 7.22150263577
348 2230.44 8.01993680414
349 2235.22 8.40410792087
350 2227.92 9.15316558452
351 2232.54 8.06122147409
352 2233.31 7.6446379785
353 2231.7 7.75305742014
354 2236.48 8.52433180922
355 2229.53 8.11924907769
356 2231.19 9.33695513015
357 2236.29 8.22687884039
358 2236.05 8.05359086867
359 2235.22 7.72098608376
360 2234.36 9.19143959162
361 2237.87 8.65444453039
362 2232.94 8.03049194648
363 2230.06 8.06933785279
364 2237.07 7.8619338131
365 2240.39 7.51316320909
366 2233.05 8.59233128551
367 2237.97 8.1814661269
368 2232.76 7.02802106132
369 2241.6 7.75466761119
370 2235.78 8.04247877371
371 2231.7 7.38066881522
372 2240.18 7.14077146264
373 2240.72 8.08680323648
374 2228.81 8.23683767853
375 2240.9 7.61850260353
376 2233.92 8.01171092199
377 2234.1 7.71520832642
378 2232.01 8.7303203056
379 2236.59 8.48700799283
380 2229.54 8.43826870243
381 2236.15 7.23648218128
382 2237.42 8.21598615734
383 2235.42 8.09046500874
384 2239.98 7.23831900883
385 2250.35 6.95970443913
386 2240.66 7.84103971106
387 2234.82 8.52369635086
388 2242.13 8.34484380499
389 2241.82 7.80992393059
390 2232.61 8.8795093359
391 2245.58 8.71594964979
392 2238.85 8.01907718132
393 2245.6 7.14919235718
394 2241.36 8.19404342717
395 2237.64 8.17052136442
396 2238.55 8.31245104407
397 2248.76 7.63102887155
398 2240.98 7.78980936311
399 2239.39 7.64741139775
400 2240.27 7.89015546321
