1 196.4 13.2814551974
2 337.99 14.0227417518
3 454.36 14.5680491105
4 591.27 16.8616706252
5 702.85 17.6247571365
6 727.16 16.5747344084
7 738.86 19.5047087486
8 755.68 18.017099548
9 763.21 18.0554896808
10 782.28 16.2716144997
11 786.89 16.0943546266
12 819.4 16.1531589876
13 801.6 16.6837797348
14 867.99 17.9072253707
15 867.62 15.4031006726
16 875.62 19.0106821069
17 873.05 17.3434501516
18 880.0 18.4874863624
19 879.94 15.4567300016
20 904.48 14.7009533131
21 896.33 18.0960560924
22 909.63 18.335245409
23 931.96 17.7177261288
24 922.8 17.0807224765
25 930.06 16.5479915574
26 917.88 15.7438707747
27 926.72 18.9871115114
28 950.86 17.4426790421
29 943.92 16.0569028215
30 958.87 16.7639627263
31 960.88 15.0783063694
32 962.74 16.8667679002
33 955.54 16.5284702394
34 969.83 19.2205569955
35 961.78 17.150785774
36 960.25 14.6867542323
37 969.86 16.8333312593
38 971.01 17.4669872158
39 989.43 15.9842357365
40 971.34 12.9404009362
41 992.26 15.9926781009
42 974.71 16.618657152
43 1002.79 15.8092753159
44 1000.5 13.0717894291
45 996.91 17.38775411
46 1008.73 15.1666733898
47 1019.01 16.2646817122
48 1013.47 17.0842634066
49 1012.42 14.2415596132
50 1004.18 15.9937772637
51 1012.61 14.3636817107
52 1030.58 16.5696684354
53 1011.78 17.7675828099
54 1017.63 15.728353492
55 1022.96 13.8770469357
56 1024.96 15.9226790703
57 1066.46 14.6680674928
58 1085.25 17.7213565564
59 1084.75 16.7877947414
60 1075.36 17.8778114233
61 1086.13 15.0773222626
62 1079.88 16.6562243816
63 1072.46 16.7460275736
64 1084.69 14.5571324395
65 1085.49 14.1709083011
66 1087.83 14.1284613408
67 1105.39 16.0185344138
68 1093.88 15.2964728931
69 1101.34 15.4022387071
70 1107.2 17.4553158803
71 1099.33 15.3801202498
72 1103.41 14.2351629099
73 1111.7 17.6845337852
74 1123.24 17.0718164762
75 1127.11 16.5008696003
76 1110.75 14.7059931117
77 1139.69 13.7141942316
78 1151.2 14.9809660997
79 1153.65 15.4572657181
80 1155.38 13.9392460603
81 1158.25 14.5315826241
82 1154.99 18.1931607941
83 1162.85 16.4735259942
84 1154.54 16.0645746652
85 1142.15 16.1529776462
86 1171.18 14.796569001
87 1169.99 15.2765245419
88 1170.5 16.4076351837
89 1166.46 15.0650302295
90 1176.88 16.2452263342
91 1173.25 16.5538535586
92 1171.92 15.3564888037
93 1182.58 14.6359430027
94 1175.59 18.0951865343
95 1174.11 17.4464420111
96 1176.56 14.3591724254
97 1184.26 15.9945996648
98 1190.48 16.3891041803
99 1176.04 13.6818366828
100 1192.11 15.9971519855
101 1200.83 16.3353049613
102 1184.6 17.1895464047
103 1187.97 14.9029474825
104 1205.39 16.0439833148
105 1213.56 16.7643675294
106 1217.34 15.0470878641
107 1203.76 15.4673464265
108 1216.61 14.0463204109
109 1211.17 15.9754562256
110 1203.91 14.995859835
111 1218.12 15.7984092696
112 1219.47 16.2684830266
113 1213.96 14.7116748732
114 1223.97 16.1901328217
115 1226.64 15.2415054429
116 1224.46 15.1915153205
117 1216.85 15.2001601505
118 1227.48 15.608455539
119 1237.41 14.620840546
120 1223.83 16.3743203736
121 1220.47 14.7638996741
122 1246.68 15.9643384868
123 1242.18 15.9796957306
124 1254.82 17.2601650827
125 1270.36 16.3123470147
126 1250.14 14.8823000053
127 1260.25 14.2490348684
128 1269.81 12.8990545476
129 1259.45 14.9292152707
130 1273.11 14.6573642258
131 1280.07 15.5636898685
132 1281.09 15.9813956647
133 1268.75 15.4682220245
134 1273.4 15.6199334493
135 1270.25 14.1576967774
136 1267.02 16.3940844158
137 1292.89 15.5133943045
138 1309.55 16.4004427391
139 1275.76 15.3323151976
140 1291.06 16.8556540337
141 1294.91 15.2619221971
142 1303.35 15.1624813312
143 1312.06 13.7326171585
144 1308.77 14.6024039649
145 1315.12 15.3746797693
146 1312.04 15.3774690133
147 1325.95 15.4240512279
148 1323.21 16.1838398736
149 1332.61 14.3818035464
150 1326.01 15.2490392038
151 1333.87 14.9059425213
152 1327.47 13.4991919101
153 1332.48 13.3132768796
154 1352.39 15.1666997322
155 1338.97 15.1949802391
156 1346.6 15.2553990862
157 1343.35 15.4856466846
158 1352.97 14.6067599195
159 1342.68 13.5093596814
160 1354.09 15.3990177567
161 1351.79 15.4473690528
162 1353.87 14.2500938344
163 1352.05 15.120059824
164 1368.83 16.3309301835
165 1368.48 14.2899587737
166 1375.77 14.5793399451
167 1364.01 11.8800415015
168 1365.48 14.4420875996
169 1375.11 13.8623387106
170 1376.98 15.4367882875
171 1399.95 15.5123908705
172 1383.51 14.0819553812
173 1380.68 15.4153191327
174 1382.9 14.1026188263
175 1393.55 14.0735745609
176 1391.02 14.1828173222
177 1407.59 14.515890075
178 1406.26 14.4345615534
179 1397.01 12.2874491608
180 1395.92 13.7601403211
181 1404.0 14.8378602231
182 1414.56 12.7796605316
183 1423.2 14.6266173697
184 1423.63 14.2464000523
185 1420.27 14.2688499422
186 1429.02 12.6049177194
187 1425.24 15.9658361372
188 1431.14 14.376383423
189 1434.0 12.8649180394
190 1436.53 13.373620332
191 1431.42 14.0907555758
192 1430.67 12.3514856636
193 1437.98 13.6864985381
194 1428.69 12.8608770549
195 1446.51 14.8936141537
196 1434.69 14.4667305243
197 1438.72 13.6587414832
198 1462.46 13.4950354062
199 1449.87 13.6302367012
200 1458.96 13.7150688738
201 1465.51 12.3561016311
202 1461.65 13.26398413
203 1455.0 12.698410269
204 1470.05 12.5019234152
205 1454.91 12.9118366172
206 1466.97 13.3121218919
207 1479.27 10.9283966964
208 1466.19 14.0175411218
209 1476.19 12.2463678167
210 1479.46 12.5525543207
211 1474.22 12.4003603635
212 1484.77 12.8307670587
213 1486.47 13.0809834671
214 1495.02 14.0710249688
215 1495.18 14.3096747623
216 1488.38 12.960025701
217 1496.45 12.0974520078
218 1505.67 13.1029204568
219 1488.03 15.6546331284
220 1497.28 12.9676206987
221 1508.98 14.1256855973
222 1507.65 15.7934259374
223 1512.09 13.079592533
224 1501.03 14.674300359
225 1500.7 12.7109740115
226 1515.67 14.0034574023
227 1521.66 13.6296607408
228 1522.34 13.291754704
229 1509.32 13.8351811597
230 1530.08 13.591937371
231 1510.99 12.4678339225
232 1524.03 11.9321495191
233 1524.27 12.6962880226
234 1525.97 14.4022116352
235 1533.16 13.4524188424
236 1525.22 14.192987289
237 1516.5 13.5323061449
238 1535.68 12.5514972096
239 1533.98 12.385462549
240 1528.46 12.6827121695
241 1541.43 13.1171088675
242 1542.51 11.8850849386
243 1531.49 12.2134737073
244 1546.18 13.0256822302
245 1539.24 14.4262156825
246 1544.36 11.2821972118
247 1544.02 13.3378534283
248 1541.71 13.159565966
249 1558.31 13.1132846069
250 1548.04 12.3032408338
251 1565.1 13.9824674618
252 1561.41 12.470994842
253 1571.78 14.5839958374
254 1561.83 13.2187740195
255 1557.83 13.2343709491
256 1570.26 13.0873302227
257 1563.33 12.9959692958
258 1562.53 13.3070419307
259 1570.64 12.3998628189
260 1573.8 12.9554369127
261 1565.18 13.404232936
262 1576.78 15.1724657095
263 1566.41 12.9012999171
264 1576.22 12.8601567092
265 1581.7 12.501773615
266 1586.11 12.5176622596
267 1591.68 11.7978936951
268 1588.49 13.0761086749
269 1583.28 12.8383165885
270 1593.76 11.651177755
271 1596.58 13.6653240949
272 1603.39 12.5243200968
273 1608.13 14.0121126533
274 1595.65 13.9639615052
275 1617.06 14.1845193229
276 1595.6 12.2370257694
277 1612.16 14.273045676
278 1614.92 11.8270590181
279 1608.63 12.5332660919
280 1614.94 12.0330853875
281 1623.56 12.1668906703
282 1622.3 12.489537708
283 1621.96 13.5931594434
284 1614.85 12.9185375318
285 1623.39 13.2752029878
286 1616.78 13.2691733648
287 1635.76 11.7876401047
288 1638.42 11.2194269255
289 1645.3 12.3440949381
290 1629.57 13.5275007034
291 1643.8 12.7348426484
292 1640.9 12.8792881108
293 1644.94 12.5479138769
294 1643.98 12.3683603697
295 1649.36 11.9875920187
296 1641.72 12.4724728978
297 1646.11 12.8511116891
298 1646.95 13.417123416
299 1659.59 13.6647594531
300 1665.73 11.5159250828
301 1650.75 11.8402292461
302 1664.28 11.0190384202
303 1672.0 12.8291844542
304 1665.17 13.0031208322
305 1673.38 11.7236111813
306 1669.96 11.4833226957
307 1682.81 10.1945889443
308 1670.08 13.9063534565
309 1678.57 12.8869740654
310 1673.81 12.4551698849
311 1680.26 12.747042595
312 1676.05 12.4897491712
313 1687.35 13.2488280101
314 1688.88 12.0187251142
315 1698.35 12.7356985815
316 1683.27 12.7868890334
317 1706.55 11.7089085999
318 1688.42 13.0386465823
319 1695.0 11.403966552
320 1702.59 10.3823808614
321 1695.18 13.3161303734
322 1697.86 12.3138556369
323 1714.36 13.0273673229
324 1712.0 11.4944934851
325 1706.15 12.0787971769
326 1717.04 11.8458910604
327 1724.29 10.9519740291
328 1721.35 11.4899932724
329 1718.45 11.2419755043
330 1708.14 12.3972756365
331 1723.21 11.7539320712
332 1717.37 12.0307174138
333 1722.39 11.6218214462
334 1721.83 10.6044533446
335 1727.27 10.976554911
336 1732.31 12.337190224
337 1731.81 12.2531417123
338 1735.08 10.5004676419
339 1735.3 12.2851042617
340 1733.53 12.6423632785
341 1738.05 13.5390573424
342 1730.76 11.9201560274
343 1731.41 11.0108430209
344 1735.98 12.2002082603
345 1744.64 11.8102164386
346 1742.62 11.6404457754
347 1749.51 12.4275590974
348 1756.02 10.7956323165
349 1756.63 11.8988193923
350 1755.58 11.9499957514
351 1760.98 13.1751071705
352 1756.67 11.9402471272
353 1752.98 9.71393005501
354 1764.38 11.5592079698
355 1757.33 12.0397315193
356 1760.71 11.5872075296
357 1774.12 11.9100051154
358 1766.52 12.4395158038
359 1769.49 11.3603431145
360 1776.76 12.6165283735
361 1765.98 10.9189409886
362 1776.03 11.6817793912
363 1766.95 11.2431714583
364 1769.39 11.0543963511
365 1778.58 11.2655910124
366 1787.34 10.0006959793
367 1784.24 10.408361087
368 1777.37 9.9766755129
369 1775.96 10.4319486029
370 1793.49 11.1639334071
371 1788.54 12.6173291553
372 1783.72 11.6971473183
373 1796.95 10.7935466701
374 1797.62 11.7418160882
375 1786.91 12.4679140336
376 1793.95 12.466566865
377 1793.46 12.9739984821
378 1794.82 11.3185674342
379 1800.7 11.4763816249
380 1806.73 12.2555292449
381 1807.12 10.0355169637
382 1807.94 12.1492752945
383 1805.72 9.8827577055
384 1832.64 12.148981225
385 1827.36 12.864545368
386 1826.44 10.9943009429
387 1822.23 11.1433491534
388 1827.71 11.7028018703
389 1831.45 11.401283947
390 1825.04 10.9244260323
391 1844.93 10.6768471939
392 1836.53 11.0881430359
393 1831.07 10.5249355609
394 1837.45 10.4303817514
395 1840.28 10.7653463458
396 1836.68 12.1663400035
397 1841.53 10.397701353
398 1840.41 12.6226463672
399 1844.54 10.6814576596
400 1855.17 10.8197345484
