1 194.36 11.6785583154
2 341.4 14.7400861436
3 453.95 16.5712494291
4 597.21 17.261075705
5 707.53 16.2319824392
6 733.36 17.1963729526
7 736.98 17.522114548
8 761.07 18.7711985361
9 766.6 18.2431889405
10 772.42 17.9664590718
11 787.0 17.1424159231
12 797.02 19.2223142663
13 827.08 16.9035809004
14 861.67 16.876022385
15 866.46 15.9550602222
16 876.78 19.0042913939
17 885.96 18.1394991677
18 872.03 16.6748307142
19 899.07 17.1621310216
20 915.55 17.2420827918
21 902.73 15.6279947055
22 922.15 17.9311481339
23 910.7 14.9669198595
24 937.36 17.3285177348
25 928.44 17.9916752067
26 918.96 15.0826023104
27 947.02 14.1800271591
28 945.46 16.1720173675
29 943.84 16.9861502239
30 960.26 16.5121972529
31 950.95 14.9625269029
32 954.8 16.7198914063
33 969.61 14.9553238991
34 955.34 15.7859772529
35 970.5 17.80762204
36 962.63 16.4456884334
37 957.56 17.68055413
38 974.58 16.4480131049
39 970.93 18.3285940389
40 995.2 14.9971382337
41 991.84 16.0066066132
42 980.52 15.805853189
43 998.13 17.5993300477
44 989.43 16.6574461548
45 998.5 15.1873189892
46 1002.73 15.6932208738
47 1017.53 16.115216188
48 992.53 14.5231226885
49 1008.12 15.2181670305
50 997.92 16.0802843625
51 1002.51 16.2195298427
52 990.29 15.1884773198
53 1013.28 16.5714512299
54 1014.97 16.9427790821
55 1012.26 16.9694264523
56 1018.09 15.4538535165
57 1022.87 17.3755222647
58 1010.09 13.7411263945
59 1016.48 16.1781463213
60 1028.58 17.421085543
61 1022.35 16.0468199703
62 1023.72 17.0075171153
63 1007.33 16.1362898046
64 1022.82 16.1094206414
65 1027.94 15.6752173606
66 1048.32 16.6092366002
67 1035.4 13.0517752478
68 1031.86 15.9804323148
69 1036.68 16.9120830356
70 1007.15 15.1449892479
71 1031.65 14.0970845482
72 1037.15 14.194280892
73 1039.82 16.1157626727
74 1033.07 15.7608682122
75 1044.59 15.0770022389
76 1044.18 15.2443749981
77 1054.7 16.8032595838
78 1037.68 16.0624811421
79 1061.1 14.0097229837
80 1057.44 16.6008950055
81 1051.22 15.2316991103
82 1055.86 15.8832338976
83 1056.24 16.5494145697
84 1077.13 15.3431487841
85 1062.46 16.4164812251
86 1058.41 15.6468187192
87 1070.52 17.09905348
88 1072.02 15.1660433124
89 1056.2 16.1601494845
90 1054.49 17.3719587703
91 1070.64 16.73829718
92 1067.2 17.3718151406
93 1075.04 15.8733603139
94 1090.29 14.9158522738
95 1081.16 15.8441657524
96 1054.58 14.7695898514
97 1079.7 15.8771977326
98 1088.01 14.4741055461
99 1088.99 14.9045724044
100 1094.41 17.7123736013
101 1083.54 16.4346068956
102 1087.1 16.6169743239
103 1089.46 14.1176997267
104 1101.81 13.4054169552
105 1087.45 16.1310589894
106 1085.43 15.2152883667
107 1103.1 15.4490651471
108 1092.57 15.6626261221
109 1109.47 15.4139876886
110 1099.87 14.1128344726
111 1096.41 14.3959857193
112 1099.41 14.0383375551
113 1107.1 15.3055670865
114 1099.3 14.5573648
115 1111.0 16.45020422
116 1098.1 14.9564696316
117 1114.92 15.6188679916
118 1108.84 15.4441711953
119 1114.93 17.3800452313
120 1118.15 14.8403552127
121 1101.0 15.6489277128
122 1108.55 15.8452484272
123 1108.54 14.0219452051
124 1111.12 16.0179440806
125 1113.72 14.9174434708
126 1123.28 14.4174242702
127 1115.54 14.3972752247
128 1129.42 13.541293187
129 1115.75 15.7824032986
130 1125.78 15.3906703332
131 1128.56 16.1372959848
132 1128.42 17.0484666776
133 1131.85 13.8051741184
134 1125.92 17.5654644498
135 1135.95 15.3628339612
136 1128.36 14.6871503732
137 1131.6 18.1617030919
138 1132.45 14.09111531
139 1140.69 16.9498573228
140 1150.5 15.8663543538
141 1140.07 14.6457058635
142 1174.67 14.3325743458
143 1215.28 15.5655366713
144 1190.21 16.6927872452
145 1185.84 16.0094143775
146 1186.78 14.2540541498
147 1194.15 17.2226879609
148 1170.58 13.9530575996
149 1194.38 15.129442499
150 1192.68 15.5212171057
151 1193.5 15.4668094447
152 1202.92 14.5491865414
153 1204.54 18.1002242322
154 1200.7 13.2354868622
155 1205.02 16.0028684027
156 1199.16 15.166821945
157 1182.97 13.7371100711
158 1213.21 14.8929383459
159 1194.08 15.7125678378
160 1213.05 18.2463552207
161 1199.48 14.9672786836
162 1198.88 15.2347934233
163 1203.73 12.9426164261
164 1208.55 15.8137477645
165 1226.0 13.9614199622
166 1203.14 15.9168417774
167 1195.94 15.3293508363
168 1213.69 15.4546390259
169 1198.84 16.8607106348
170 1208.32 15.261413354
171 1212.96 15.8197601794
172 1217.88 13.3433909487
173 1231.94 16.3681668889
174 1219.45 16.459201384
175 1245.83 17.1112390299
176 1215.54 16.472710829
177 1228.36 13.8092959707
178 1232.95 13.1528815322
179 1238.18 15.9616310984
180 1226.94 13.8076072577
181 1256.98 16.6963237053
182 1270.4 14.3875748839
183 1258.6 13.8867071979
184 1247.83 14.9146097937
185 1270.7 15.7203852421
186 1259.45 13.8702478175
187 1253.8 14.9154068319
188 1264.66 14.0360421227
189 1262.54 14.3909766998
190 1279.61 14.9678796563
191 1267.92 15.4798978465
192 1286.36 16.9656884472
193 1283.73 14.7533941733
194 1284.33 15.2393763658
195 1259.07 16.5424523672
196 1282.43 14.3120873586
197 1285.9 15.402569931
198 1278.47 17.0132618808
199 1275.73 16.3257024337
200 1277.18 15.5508524513
201 1276.11 15.1833571823
202 1277.64 14.527144496
203 1291.77 15.8935783647
204 1282.7 13.9212302847
205 1275.61 15.1011581849
206 1294.72 15.1686799645
207 1293.42 15.1889549679
208 1304.24 15.3041017155
209 1289.0 17.3365074591
210 1275.31 15.9511417091
211 1275.99 16.0169898844
212 1281.65 15.5741302768
213 1298.29 16.1683082533
214 1291.88 15.5144438537
215 1292.47 14.0383474065
216 1295.31 14.5019258274
217 1294.97 16.0231277891
218 1296.68 15.210683013
219 1316.26 16.0573081044
220 1295.96 13.6583713456
221 1301.36 14.9362679303
222 1310.51 16.6463088473
223 1296.18 14.2508142799
224 1302.34 14.6141685029
225 1297.97 15.0706401027
226 1296.42 15.3334942677
227 1314.95 15.9292993581
228 1298.58 14.9703763285
229 1320.14 14.1848768146
230 1293.69 14.7408079203
231 1311.43 14.4520797701
232 1314.91 14.1136630437
233 1320.02 13.6107000729
234 1316.86 16.3619743456
235 1315.63 14.0678487641
236 1323.83 15.1745537957
237 1311.07 14.8211580358
238 1325.74 14.9543406902
239 1324.53 15.4485169614
240 1326.25 15.8686997413
241 1315.58 14.9183216019
242 1328.74 15.0147416694
243 1327.94 14.5335769672
244 1337.23 16.0726179857
245 1333.85 16.1793548091
246 1323.54 16.4611395515
247 1339.11 16.253799033
248 1332.65 13.9347419567
249 1342.0 16.0447041381
250 1346.65 14.0060172369
251 1340.17 15.4982606204
252 1344.2 14.1079977658
253 1333.85 16.1398919092
254 1326.45 15.1520645656
255 1340.22 17.0910332194
256 1337.39 14.9057682998
257 1332.87 13.1351489329
258 1332.34 13.2953669792
259 1350.5 14.9090566462
260 1338.58 13.3253243314
261 1338.74 13.72986981
262 1357.32 15.0108076359
263 1360.11 13.3669383288
264 1349.27 15.3032415793
265 1354.05 15.579358707
266 1354.14 13.2990302686
267 1346.24 14.2200159901
268 1364.46 14.7303205062
269 1357.6 16.3208577422
270 1364.9 14.4792006906
271 1357.12 16.648173082
272 1352.11 15.1585668863
273 1344.35 15.1936129252
274 1360.51 15.5853031744
275 1368.45 14.7695689131
276 1370.8 14.4079598667
277 1346.0 13.8281854659
278 1365.82 15.2175132095
279 1356.64 16.362713912
280 1378.0 13.4370258376
281 1381.66 14.5682521584
282 1377.92 15.9687367133
283 1399.03 13.5211720493
284 1380.65 14.2272611714
285 1392.67 14.8096400286
286 1382.94 14.5447272406
287 1388.53 14.262241512
288 1390.36 15.1919224487
289 1383.81 12.954241717
290 1390.2 14.996164811
291 1395.08 11.935118368
292 1396.86 16.754435401
293 1393.99 14.5749557639
294 1391.32 13.7812359838
295 1394.74 15.952392198
296 1406.59 15.9495135785
297 1431.04 14.6393742262
298 1411.58 15.6672837537
299 1412.76 12.6393748468
300 1409.34 16.1862353792
301 1426.8 16.2316876658
302 1407.07 13.0911642661
303 1407.31 13.9323245405
304 1409.42 15.8443708735
305 1408.2 17.3370392674
306 1416.98 15.5782146446
307 1415.2 16.1300259839
308 1412.87 15.888907886
309 1415.81 14.0596824965
310 1424.52 14.0685539667
311 1417.83 13.4496009761
312 1433.05 12.9068455558
313 1424.1 13.8239760127
314 1427.45 16.2580168766
315 1434.13 14.9959254162
316 1438.6 15.1761472318
317 1410.19 14.8211694404
318 1433.32 13.9618844216
319 1444.07 13.8538938036
320 1449.34 16.0392734022
321 1442.22 15.8775625996
322 1444.7 15.8356719895
323 1432.22 13.1407316762
324 1431.34 13.9528384406
325 1437.26 13.1106748521
326 1424.02 13.6859932951
327 1448.16 13.3380475539
328 1442.9 15.8482332492
329 1444.86 14.8310758722
330 1444.46 15.5625584778
331 1447.79 13.2753881907
332 1445.48 14.7240616514
333 1451.49 14.5544087561
334 1447.07 14.1361595945
335 1446.64 14.3130875777
336 1459.48 13.3960940036
337 1454.24 14.4371827847
338 1452.1 13.6592032974
339 1452.22 14.8989288805
340 1443.38 13.8047123175
341 1456.29 14.2186158459
342 1463.41 15.2038678142
343 1453.37 14.1100849228
344 1455.5 16.5704409259
345 1472.21 15.4013675891
346 1459.3 13.0948683995
347 1463.66 14.0117991447
348 1475.45 13.4672504261
349 1468.79 15.9357593586
350 1472.84 12.927495556
351 1471.27 14.1379422079
352 1495.85 15.2629863959
353 1499.72 14.0158250112
354 1481.44 14.4950532839
355 1487.57 13.3605382198
356 1493.7 15.2142845878
357 1513.77 16.0568830834
358 1483.71 14.2881256243
359 1498.21 14.1850196734
360 1487.96 15.0327251972
361 1504.31 14.6060824119
362 1505.52 13.0449590139
363 1497.59 13.3433280418
364 1510.98 15.3913292783
365 1513.93 15.7314941923
366 1518.36 14.225941943
367 1526.42 14.7568914144
368 1520.7 13.9456031609
369 1518.19 12.8235745244
370 1511.9 14.6077867728
371 1519.69 13.3575601927
372 1505.44 13.3010608217
373 1491.55 13.1848829968
374 1525.44 16.1921938261
375 1511.33 14.4752085559
376 1513.83 13.9072477801
377 1526.94 13.7068286377
378 1523.11 12.4376446631
379 1523.85 14.522750245
380 1526.34 13.9121959758
381 1530.26 13.4440461959
382 1519.3 15.2766755493
383 1533.95 13.1243149901
384 1526.14 14.3637385442
385 1523.17 14.2564114874
386 1536.72 13.1863602751
387 1547.4 13.7844167784
388 1530.49 12.8532817474
389 1540.7 13.0821300834
390 1552.5 14.6755842569
391 1534.9 16.1276322528
392 1570.56 13.5870366726
393 1556.91 13.0640460635
394 1558.72 12.1336215346
395 1545.42 15.2556050728
396 1541.97 13.0876482649
397 1570.13 15.2088840527
398 1554.24 13.5304499865
399 1552.68 14.5079427722
400 1555.04 12.7008278271
